service_id,monday,tuesday,wednesday,thursday,friday,saturday,sunday,start_date,end_date
41[4],0,0,0,0,0,0,0,20160321,20161224
F-XHol,0,0,0,0,0,0,0,20160321,20161224
117,0,0,0,0,0,0,0,20160321,20161224
205[3],0,0,0,0,0,0,0,20160321,20161224
218[1],0,0,0,0,0,0,0,20160321,20161224
209[1],0,0,0,0,0,0,0,20160321,20161224
208[7],0,0,0,0,0,0,0,20160321,20161224
219[2],0,0,0,0,0,0,0,20160321,20161224
404[1],0,0,0,0,0,0,0,20160321,20161224
144[1],0,0,0,0,0,0,0,20160321,20161224
26,0,0,0,0,0,0,0,20160321,20161224
31[2],0,0,0,0,0,0,0,20160321,20161224
410,0,0,0,0,0,0,0,20160321,20161224
150[1],0,0,0,0,0,0,0,20160321,20161224
311[1],0,0,0,0,0,0,0,20160321,20161224
25[1],0,0,0,0,0,0,0,20160321,20161224
29[1],0,0,0,0,0,0,0,20160321,20161224
14[8],0,0,0,0,0,0,0,20160321,20161224
310[4],0,0,0,0,0,0,0,20160321,20161224
510,0,0,0,0,0,0,0,20160321,20161224
94[1],0,0,0,0,0,0,0,20160321,20161224
98[2],0,0,0,0,0,0,0,20160321,20161224
25[4],0,0,0,0,0,0,0,20160321,20161224
166,0,0,0,0,0,0,0,20160321,20161224
409,0,0,0,0,0,0,0,20160321,20161224
186,0,0,0,0,0,0,0,20160321,20161224
307[3],0,0,0,0,0,0,0,20160321,20161224
187,0,0,0,0,0,0,0,20160321,20161224
314[3],0,0,0,0,0,0,0,20160321,20161224
74,0,0,0,0,0,0,0,20160321,20161224
41[2],0,0,0,0,0,0,0,20160321,20161224
3[5],0,0,0,0,0,0,0,20160321,20161224
219[1],0,0,0,0,0,0,0,20160321,20161224
15[6],0,0,0,0,0,0,0,20160321,20161224
17[6],0,0,0,0,0,0,0,20160321,20161224
56,0,0,0,0,0,0,0,20160321,20161224
20[3],0,0,0,0,0,0,0,20160321,20161224
28[2],0,0,0,0,0,0,0,20160321,20161224
175[1],0,0,0,0,0,0,0,20160321,20161224
319[1],0,0,0,0,0,0,0,20160321,20161224
15,0,0,0,0,0,0,0,20160321,20161224
902,0,0,0,0,0,0,0,20160321,20161224
337,0,0,0,0,0,0,0,20160321,20161224
324[2],0,0,0,0,0,0,0,20160321,20161224
78[3],0,0,0,0,0,0,0,20160321,20161224
312,0,0,0,0,0,0,0,20160321,20161224
37,0,0,0,0,0,0,0,20160321,20161224
12[2],0,0,0,0,0,0,0,20160321,20161224
66[1],0,0,0,0,0,0,0,20160321,20161224
4[1],0,0,0,0,0,0,0,20160321,20161224
15[1],0,0,0,0,0,0,0,20160321,20161224
152,0,0,0,0,0,0,0,20160321,20161224
190[1],0,0,0,0,0,0,0,20160321,20161224
77[1],0,0,0,0,0,0,0,20160321,20161224
221,0,0,0,0,0,0,0,20160321,20161224
24[5],0,0,0,0,0,0,0,20160321,20161224
209[2],0,0,0,0,0,0,0,20160321,20161224
113,0,0,0,0,0,0,0,20160321,20161224
89[1],0,0,0,0,0,0,0,20160321,20161224
603[1],0,0,0,0,0,0,0,20160321,20161224
30[1],0,0,0,0,0,0,0,20160321,20161224
26[3],0,0,0,0,0,0,0,20160321,20161224
10[2],0,0,0,0,0,0,0,20160321,20161224
705[1],0,0,0,0,0,0,0,20160321,20161224
312[4],0,0,0,0,0,0,0,20160321,20161224
901,0,0,0,0,0,0,0,20160321,20161224
118,0,0,0,0,0,0,0,20160321,20161224
130,0,0,0,0,0,0,0,20160321,20161224
197,0,0,0,0,0,0,0,20160321,20161224
21[4],0,0,0,0,0,0,0,20160321,20161224
30,0,0,0,0,0,0,0,20160321,20161224
17,0,0,0,0,0,0,0,20160321,20161224
713[1],0,0,0,0,0,0,0,20160321,20161224
323[1],0,0,0,0,0,0,0,20160321,20161224
8[6],0,0,0,0,0,0,0,20160321,20161224
171,0,0,0,0,0,0,0,20160321,20161224
32[2],0,0,0,0,0,0,0,20160321,20161224
4[4],0,0,0,0,0,0,0,20160321,20161224
338,0,0,0,0,0,0,0,20160321,20161224
9[4],0,0,0,0,0,0,0,20160321,20161224
4[2],0,0,0,0,0,0,0,20160321,20161224
16[6],0,0,0,0,0,0,0,20160321,20161224
216,0,0,0,0,0,0,0,20160321,20161224
708[1],0,0,0,0,0,0,0,20160321,20161224
7[1],0,0,0,0,0,0,0,20160321,20161224
702,0,0,0,0,0,0,0,20160321,20161224
72,0,0,0,0,0,0,0,20160321,20161224
605[1],0,0,0,0,0,0,0,20160321,20161224
903[2],0,0,0,0,0,0,0,20160321,20161224
507[1],0,0,0,0,0,0,0,20160321,20161224
339,0,0,0,0,0,0,0,20160321,20161224
78[1],0,0,0,0,0,0,0,20160321,20161224
165,0,0,0,0,0,0,0,20160321,20161224
37[3],0,0,0,0,0,0,0,20160321,20161224
306[5],0,0,0,0,0,0,0,20160321,20161224
912,0,0,0,0,0,0,0,20160321,20161224
301[9],0,0,0,0,0,0,0,20160321,20161224
34[4],0,0,0,0,0,0,0,20160321,20161224
24[9],0,0,0,0,0,0,0,20160321,20161224
87[1],0,0,0,0,0,0,0,20160321,20161224
177,0,0,0,0,0,0,0,20160321,20161224
51[1],0,0,0,0,0,0,0,20160321,20161224
900[2],0,0,0,0,0,0,0,20160321,20161224
184,0,0,0,0,0,0,0,20160321,20161224
70[1],0,0,0,0,0,0,0,20160321,20161224
313[2],0,0,0,0,0,0,0,20160321,20161224
906,0,0,0,0,0,0,0,20160321,20161224
49,0,0,0,0,0,0,0,20160321,20161224
SaSu+Hol,0,0,0,0,0,0,0,20160321,20161224
54[1],0,0,0,0,0,0,0,20160321,20161224
160[1],0,0,0,0,0,0,0,20160321,20161224
707,0,0,0,0,0,0,0,20160321,20161224
57[1],0,0,0,0,0,0,0,20160321,20161224
160,0,0,0,0,0,0,0,20160321,20161224
37[9],0,0,0,0,0,0,0,20160321,20161224
602[1],0,0,0,0,0,0,0,20160321,20161224
505[2],0,0,0,0,0,0,0,20160321,20161224
503[2],0,0,0,0,0,0,0,20160321,20161224
37[6],0,0,0,0,0,0,0,20160321,20161224
53[1],0,0,0,0,0,0,0,20160321,20161224
501[3],0,0,0,0,0,0,0,20160321,20161224
8[2],0,0,0,0,0,0,0,20160321,20161224
704[3],0,0,0,0,0,0,0,20160321,20161224
8[1],0,0,0,0,0,0,0,20160321,20161224
30[2],0,0,0,0,0,0,0,20160321,20161224
32[3],0,0,0,0,0,0,0,20160321,20161224
137[1],0,0,0,0,0,0,0,20160321,20161224
133[1],0,0,0,0,0,0,0,20160321,20161224
4[6],0,0,0,0,0,0,0,20160321,20161224
109[1],0,0,0,0,0,0,0,20160321,20161224
411,0,0,0,0,0,0,0,20160321,20161224
121,0,0,0,0,0,0,0,20160321,20161224
602[2],0,0,0,0,0,0,0,20160321,20161224
604[1],0,0,0,0,0,0,0,20160321,20161224
46,0,0,0,0,0,0,0,20160321,20161224
324[1],0,0,0,0,0,0,0,20160321,20161224
307[4],0,0,0,0,0,0,0,20160321,20161224
414,0,0,0,0,0,0,0,20160321,20161224
211[2],0,0,0,0,0,0,0,20160321,20161224
167,0,0,0,0,0,0,0,20160321,20161224
23,0,0,0,0,0,0,0,20160321,20161224
201[5],0,0,0,0,0,0,0,20160321,20161224
204,0,0,0,0,0,0,0,20160321,20161224
35[5],0,0,0,0,0,0,0,20160321,20161224
708[2],0,0,0,0,0,0,0,20160321,20161224
10[4],0,0,0,0,0,0,0,20160321,20161224
207[3],0,0,0,0,0,0,0,20160321,20161224
305,0,0,0,0,0,0,0,20160321,20161224
173[1],0,0,0,0,0,0,0,20160321,20161224
65,0,0,0,0,0,0,0,20160321,20161224
203[1],0,0,0,0,0,0,0,20160321,20161224
206[4],0,0,0,0,0,0,0,20160321,20161224
305[3],0,0,0,0,0,0,0,20160321,20161224
710[2],0,0,0,0,0,0,0,20160321,20161224
94[3],0,0,0,0,0,0,0,20160321,20161224
15[3],0,0,0,0,0,0,0,20160321,20161224
39[1],0,0,0,0,0,0,0,20160321,20161224
24[8],0,0,0,0,0,0,0,20160321,20161224
55[1],0,0,0,0,0,0,0,20160321,20161224
303,0,0,0,0,0,0,0,20160321,20161224
506[2],0,0,0,0,0,0,0,20160321,20161224
326,0,0,0,0,0,0,0,20160321,20161224
115,0,0,0,0,0,0,0,20160321,20161224
40[2],0,0,0,0,0,0,0,20160321,20161224
201[3],0,0,0,0,0,0,0,20160321,20161224
13[6],0,0,0,0,0,0,0,20160321,20161224
132,0,0,0,0,0,0,0,20160321,20161224
45,0,0,0,0,0,0,0,20160321,20161224
403[3],0,0,0,0,0,0,0,20160321,20161224
307[5],0,0,0,0,0,0,0,20160321,20161224
40,0,0,0,0,0,0,0,20160321,20161224
202[1],0,0,0,0,0,0,0,20160321,20161224
44[2],0,0,0,0,0,0,0,20160321,20161224
11[7],0,0,0,0,0,0,0,20160321,20161224
402[3],0,0,0,0,0,0,0,20160321,20161224
301[4],0,0,0,0,0,0,0,20160321,20161224
403[1],0,0,0,0,0,0,0,20160321,20161224
207[5],0,0,0,0,0,0,0,20160321,20161224
207,0,0,0,0,0,0,0,20160321,20161224
89,0,0,0,0,0,0,0,20160321,20161224
911,0,0,0,0,0,0,0,20160321,20161224
28[1],0,0,0,0,0,0,0,20160321,20161224
908[1],0,0,0,0,0,0,0,20160321,20161224
MTuWThF-XSch,0,0,0,0,0,0,0,20160321,20161224
217[2],0,0,0,0,0,0,0,20160321,20161224
2,0,0,0,0,0,0,0,20160321,20161224
208[4],0,0,0,0,0,0,0,20160321,20161224
50[2],0,0,0,0,0,0,0,20160321,20161224
38[3],0,0,0,0,0,0,0,20160321,20161224
88,0,0,0,0,0,0,0,20160321,20161224
706[2],0,0,0,0,0,0,0,20160321,20161224
93,0,0,0,0,0,0,0,20160321,20161224
33[4],0,0,0,0,0,0,0,20160321,20161224
401[1],0,0,0,0,0,0,0,20160321,20161224
17[5],0,0,0,0,0,0,0,20160321,20161224
205[4],0,0,0,0,0,0,0,20160321,20161224
317[2],0,0,0,0,0,0,0,20160321,20161224
24,0,0,0,0,0,0,0,20160321,20161224
704[2],0,0,0,0,0,0,0,20160321,20161224
198,0,0,0,0,0,0,0,20160321,20161224
305[7],0,0,0,0,0,0,0,20160321,20161224
87,0,0,0,0,0,0,0,20160321,20161224
714,0,0,0,0,0,0,0,20160321,20161224
413,0,0,0,0,0,0,0,20160321,20161224
333,0,0,0,0,0,0,0,20160321,20161224
182,0,0,0,0,0,0,0,20160321,20161224
96[3],0,0,0,0,0,0,0,20160321,20161224
610,0,0,0,0,0,0,0,20160321,20161224
701[2],0,0,0,0,0,0,0,20160321,20161224
82,0,0,0,0,0,0,0,20160321,20161224
52[2],0,0,0,0,0,0,0,20160321,20161224
502[1],0,0,0,0,0,0,0,20160321,20161224
301[3],0,0,0,0,0,0,0,20160321,20161224
704,0,0,0,0,0,0,0,20160321,20161224
24[4],0,0,0,0,0,0,0,20160321,20161224
62,0,0,0,0,0,0,0,20160321,20161224
502,0,0,0,0,0,0,0,20160321,20161224
92[1],0,0,0,0,0,0,0,20160321,20161224
204[1],0,0,0,0,0,0,0,20160321,20161224
303[8],0,0,0,0,0,0,0,20160321,20161224
161,0,0,0,0,0,0,0,20160321,20161224
906[1],0,0,0,0,0,0,0,20160321,20161224
2[4],0,0,0,0,0,0,0,20160321,20161224
22,0,0,0,0,0,0,0,20160321,20161224
305[6],0,0,0,0,0,0,0,20160321,20161224
28[6],0,0,0,0,0,0,0,20160321,20161224
202,0,0,0,0,0,0,0,20160321,20161224
2[6],0,0,0,0,0,0,0,20160321,20161224
339[1],0,0,0,0,0,0,0,20160321,20161224
205,0,0,0,0,0,0,0,20160321,20161224
131,0,0,0,0,0,0,0,20160321,20161224
129[3],0,0,0,0,0,0,0,20160321,20161224
208[5],0,0,0,0,0,0,0,20160321,20161224
73[1],0,0,0,0,0,0,0,20160321,20161224
201[2],0,0,0,0,0,0,0,20160321,20161224
212,0,0,0,0,0,0,0,20160321,20161224
219[3],0,0,0,0,0,0,0,20160321,20161224
17[3],0,0,0,0,0,0,0,20160321,20161224
1[2],0,0,0,0,0,0,0,20160321,20161224
36[5],0,0,0,0,0,0,0,20160321,20161224
320[1],0,0,0,0,0,0,0,20160321,20161224
135,0,0,0,0,0,0,0,20160321,20161224
136[1],0,0,0,0,0,0,0,20160321,20161224
23[3],0,0,0,0,0,0,0,20160321,20161224
14[2],0,0,0,0,0,0,0,20160321,20161224
318,0,0,0,0,0,0,0,20160321,20161224
66,0,0,0,0,0,0,0,20160321,20161224
93[1],0,0,0,0,0,0,0,20160321,20161224
313[1],0,0,0,0,0,0,0,20160321,20161224
6[4],0,0,0,0,0,0,0,20160321,20161224
401,0,0,0,0,0,0,0,20160321,20161224
312[3],0,0,0,0,0,0,0,20160321,20161224
17[4],0,0,0,0,0,0,0,20160321,20161224
17[1],0,0,0,0,0,0,0,20160321,20161224
37[4],0,0,0,0,0,0,0,20160321,20161224
43[2],0,0,0,0,0,0,0,20160321,20161224
311[3],0,0,0,0,0,0,0,20160321,20161224
MThSa,0,0,0,0,0,0,0,20160321,20161224
508[2],0,0,0,0,0,0,0,20160321,20161224
114[1],0,0,0,0,0,0,0,20160321,20161224
711[1],0,0,0,0,0,0,0,20160321,20161224
208[3],0,0,0,0,0,0,0,20160321,20161224
904,0,0,0,0,0,0,0,20160321,20161224
48,0,0,0,0,0,0,0,20160321,20161224
41[3],0,0,0,0,0,0,0,20160321,20161224
407,0,0,0,0,0,0,0,20160321,20161224
37[7],0,0,0,0,0,0,0,20160321,20161224
503[1],0,0,0,0,0,0,0,20160321,20161224
153[2],0,0,0,0,0,0,0,20160321,20161224
9[6],0,0,0,0,0,0,0,20160321,20161224
18[3],0,0,0,0,0,0,0,20160321,20161224
39,0,0,0,0,0,0,0,20160321,20161224
85,0,0,0,0,0,0,0,20160321,20161224
314[5],0,0,0,0,0,0,0,20160321,20161224
308[2],0,0,0,0,0,0,0,20160321,20161224
208[1],0,0,0,0,0,0,0,20160321,20161224
176,0,0,0,0,0,0,0,20160321,20161224
207[4],0,0,0,0,0,0,0,20160321,20161224
304[5],0,0,0,0,0,0,0,20160321,20161224
19[3],0,0,0,0,0,0,0,20160321,20161224
221[1],0,0,0,0,0,0,0,20160321,20161224
212[3],0,0,0,0,0,0,0,20160321,20161224
301[6],0,0,0,0,0,0,0,20160321,20161224
193,0,0,0,0,0,0,0,20160321,20161224
504[2],0,0,0,0,0,0,0,20160321,20161224
607,0,0,0,0,0,0,0,20160321,20161224
604,0,0,0,0,0,0,0,20160321,20161224
13[5],0,0,0,0,0,0,0,20160321,20161224
127,0,0,0,0,0,0,0,20160321,20161224
154,0,0,0,0,0,0,0,20160321,20161224
304[1],0,0,0,0,0,0,0,20160321,20161224
302,0,0,0,0,0,0,0,20160321,20161224
19[2],0,0,0,0,0,0,0,20160321,20161224
121[1],0,0,0,0,0,0,0,20160321,20161224
304[4],0,0,0,0,0,0,0,20160321,20161224
12[3],0,0,0,0,0,0,0,20160321,20161224
703,0,0,0,0,0,0,0,20160321,20161224
39[2],0,0,0,0,0,0,0,20160321,20161224
22[3],0,0,0,0,0,0,0,20160321,20161224
42[1],0,0,0,0,0,0,0,20160321,20161224
25[2],0,0,0,0,0,0,0,20160321,20161224
913[1],0,0,0,0,0,0,0,20160321,20161224
45[2],0,0,0,0,0,0,0,20160321,20161224
705[2],0,0,0,0,0,0,0,20160321,20161224
304,0,0,0,0,0,0,0,20160321,20161224
6,0,0,0,0,0,0,0,20160321,20161224
206[3],0,0,0,0,0,0,0,20160321,20161224
109,0,0,0,0,0,0,0,20160321,20161224
37[2],0,0,0,0,0,0,0,20160321,20161224
325[1],0,0,0,0,0,0,0,20160321,20161224
216[4],0,0,0,0,0,0,0,20160321,20161224
305[4],0,0,0,0,0,0,0,20160321,20161224
11[1],0,0,0,0,0,0,0,20160321,20161224
602,0,0,0,0,0,0,0,20160321,20161224
16[1],0,0,0,0,0,0,0,20160321,20161224
10,0,0,0,0,0,0,0,20160321,20161224
121[2],0,0,0,0,0,0,0,20160321,20161224
41[6],0,0,0,0,0,0,0,20160321,20161224
330,0,0,0,0,0,0,0,20160321,20161224
603,0,0,0,0,0,0,0,20160321,20161224
38,0,0,0,0,0,0,0,20160321,20161224
42[3],0,0,0,0,0,0,0,20160321,20161224
124[1],0,0,0,0,0,0,0,20160321,20161224
77[2],0,0,0,0,0,0,0,20160321,20161224
94,0,0,0,0,0,0,0,20160321,20161224
208[2],0,0,0,0,0,0,0,20160321,20161224
71[1],0,0,0,0,0,0,0,20160321,20161224
102,0,0,0,0,0,0,0,20160321,20161224
302[2],0,0,0,0,0,0,0,20160321,20161224
44[1],0,0,0,0,0,0,0,20160321,20161224
506[3],0,0,0,0,0,0,0,20160321,20161224
6[5],0,0,0,0,0,0,0,20160321,20161224
40[1],0,0,0,0,0,0,0,20160321,20161224
6[3],0,0,0,0,0,0,0,20160321,20161224
714[1],0,0,0,0,0,0,0,20160321,20161224
34[2],0,0,0,0,0,0,0,20160321,20161224
215[1],0,0,0,0,0,0,0,20160321,20161224
803,0,0,0,0,0,0,0,20160321,20161224
171[1],0,0,0,0,0,0,0,20160321,20161224
605[3],0,0,0,0,0,0,0,20160321,20161224
5[6],0,0,0,0,0,0,0,20160321,20161224
180,0,0,0,0,0,0,0,20160321,20161224
701[1],0,0,0,0,0,0,0,20160321,20161224
26[2],0,0,0,0,0,0,0,20160321,20161224
13[4],0,0,0,0,0,0,0,20160321,20161224
505,0,0,0,0,0,0,0,20160321,20161224
905,0,0,0,0,0,0,0,20160321,20161224
33[3],0,0,0,0,0,0,0,20160321,20161224
332,0,0,0,0,0,0,0,20160321,20161224
209,0,0,0,0,0,0,0,20160321,20161224
413[1],0,0,0,0,0,0,0,20160321,20161224
306[1],0,0,0,0,0,0,0,20160321,20161224
331,0,0,0,0,0,0,0,20160321,20161224
81,0,0,0,0,0,0,0,20160321,20161224
110[1],0,0,0,0,0,0,0,20160321,20161224
98[1],0,0,0,0,0,0,0,20160321,20161224
44,0,0,0,0,0,0,0,20160321,20161224
712[1],0,0,0,0,0,0,0,20160321,20161224
111,0,0,0,0,0,0,0,20160321,20161224
172[1],0,0,0,0,0,0,0,20160321,20161224
318[1],0,0,0,0,0,0,0,20160321,20161224
405[1],0,0,0,0,0,0,0,20160321,20161224
24[3],0,0,0,0,0,0,0,20160321,20161224
79,0,0,0,0,0,0,0,20160321,20161224
78[2],0,0,0,0,0,0,0,20160321,20161224
213[2],0,0,0,0,0,0,0,20160321,20161224
212[2],0,0,0,0,0,0,0,20160321,20161224
15[2],0,0,0,0,0,0,0,20160321,20161224
12[7],0,0,0,0,0,0,0,20160321,20161224
304[9],0,0,0,0,0,0,0,20160321,20161224
508[1],0,0,0,0,0,0,0,20160321,20161224
302[1],0,0,0,0,0,0,0,20160321,20161224
51,0,0,0,0,0,0,0,20160321,20161224
198[1],0,0,0,0,0,0,0,20160321,20161224
170,0,0,0,0,0,0,0,20160321,20161224
18,0,0,0,0,0,0,0,20160321,20161224
206[1],0,0,0,0,0,0,0,20160321,20161224
20[2],0,0,0,0,0,0,0,20160321,20161224
302[4],0,0,0,0,0,0,0,20160321,20161224
TuThF-XHol,0,0,0,0,0,0,0,20160321,20161224
710[1],0,0,0,0,0,0,0,20160321,20161224
900[1],0,0,0,0,0,0,0,20160321,20161224
36[2],0,0,0,0,0,0,0,20160321,20161224
309[1],0,0,0,0,0,0,0,20160321,20161224
10[3],0,0,0,0,0,0,0,20160321,20161224
25,0,0,0,0,0,0,0,20160321,20161224
301[7],0,0,0,0,0,0,0,20160321,20161224
128,0,0,0,0,0,0,0,20160321,20161224
48[1],0,0,0,0,0,0,0,20160321,20161224
601[2],0,0,0,0,0,0,0,20160321,20161224
1[4],0,0,0,0,0,0,0,20160321,20161224
901[2],0,0,0,0,0,0,0,20160321,20161224
707[2],0,0,0,0,0,0,0,20160321,20161224
195[1],0,0,0,0,0,0,0,20160321,20161224
305[5],0,0,0,0,0,0,0,20160321,20161224
34[3],0,0,0,0,0,0,0,20160321,20161224
212[4],0,0,0,0,0,0,0,20160321,20161224
87[2],0,0,0,0,0,0,0,20160321,20161224
310[1],0,0,0,0,0,0,0,20160321,20161224
107,0,0,0,0,0,0,0,20160321,20161224
401[2],0,0,0,0,0,0,0,20160321,20161224
23[4],0,0,0,0,0,0,0,20160321,20161224
198[2],0,0,0,0,0,0,0,20160321,20161224
139,0,0,0,0,0,0,0,20160321,20161224
88[1],0,0,0,0,0,0,0,20160321,20161224
2[2],0,0,0,0,0,0,0,20160321,20161224
170[1],0,0,0,0,0,0,0,20160321,20161224
38[2],0,0,0,0,0,0,0,20160321,20161224
103[1],0,0,0,0,0,0,0,20160321,20161224
177[1],0,0,0,0,0,0,0,20160321,20161224
34[1],0,0,0,0,0,0,0,20160321,20161224
303[3],0,0,0,0,0,0,0,20160321,20161224
6[2],0,0,0,0,0,0,0,20160321,20161224
501,0,0,0,0,0,0,0,20160321,20161224
18[2],0,0,0,0,0,0,0,20160321,20161224
27[2],0,0,0,0,0,0,0,20160321,20161224
702[1],0,0,0,0,0,0,0,20160321,20161224
315[3],0,0,0,0,0,0,0,20160321,20161224
174,0,0,0,0,0,0,0,20160321,20161224
514[1],0,0,0,0,0,0,0,20160321,20161224
50[1],0,0,0,0,0,0,0,20160321,20161224
302[5],0,0,0,0,0,0,0,20160321,20161224
3[1],0,0,0,0,0,0,0,20160321,20161224
613,0,0,0,0,0,0,0,20160321,20161224
708,0,0,0,0,0,0,0,20160321,20161224
47[1],0,0,0,0,0,0,0,20160321,20161224
22[4],0,0,0,0,0,0,0,20160321,20161224
314[4],0,0,0,0,0,0,0,20160321,20161224
99[1],0,0,0,0,0,0,0,20160321,20161224
135[1],0,0,0,0,0,0,0,20160321,20161224
3[2],0,0,0,0,0,0,0,20160321,20161224
142,0,0,0,0,0,0,0,20160321,20161224
323,0,0,0,0,0,0,0,20160321,20161224
175,0,0,0,0,0,0,0,20160321,20161224
183[1],0,0,0,0,0,0,0,20160321,20161224
14[1],0,0,0,0,0,0,0,20160321,20161224
164,0,0,0,0,0,0,0,20160321,20161224
168[1],0,0,0,0,0,0,0,20160321,20161224
9[3],0,0,0,0,0,0,0,20160321,20161224
607[1],0,0,0,0,0,0,0,20160321,20161224
40[3],0,0,0,0,0,0,0,20160321,20161224
75,0,0,0,0,0,0,0,20160321,20161224
303[4],0,0,0,0,0,0,0,20160321,20161224
301[5],0,0,0,0,0,0,0,20160321,20161224
12[8],0,0,0,0,0,0,0,20160321,20161224
213[1],0,0,0,0,0,0,0,20160321,20161224
163,0,0,0,0,0,0,0,20160321,20161224
11[6],0,0,0,0,0,0,0,20160321,20161224
309[2],0,0,0,0,0,0,0,20160321,20161224
117[1],0,0,0,0,0,0,0,20160321,20161224
2[5],0,0,0,0,0,0,0,20160321,20161224
328[1],0,0,0,0,0,0,0,20160321,20161224
909,0,0,0,0,0,0,0,20160321,20161224
506[1],0,0,0,0,0,0,0,20160321,20161224
73,0,0,0,0,0,0,0,20160321,20161224
305[2],0,0,0,0,0,0,0,20160321,20161224
5[2],0,0,0,0,0,0,0,20160321,20161224
15[4],0,0,0,0,0,0,0,20160321,20161224
90,0,0,0,0,0,0,0,20160321,20161224
16[3],0,0,0,0,0,0,0,20160321,20161224
7[6],0,0,0,0,0,0,0,20160321,20161224
509,0,0,0,0,0,0,0,20160321,20161224
192,0,0,0,0,0,0,0,20160321,20161224
32,0,0,0,0,0,0,0,20160321,20161224
67,0,0,0,0,0,0,0,20160321,20161224
706[1],0,0,0,0,0,0,0,20160321,20161224
512,0,0,0,0,0,0,0,20160321,20161224
MTuWThF-Sch,0,0,0,0,0,0,0,20160321,20161224
162,0,0,0,0,0,0,0,20160321,20161224
29,0,0,0,0,0,0,0,20160321,20161224
71,0,0,0,0,0,0,0,20160321,20161224
701,0,0,0,0,0,0,0,20160321,20161224
207[2],0,0,0,0,0,0,0,20160321,20161224
302[6],0,0,0,0,0,0,0,20160321,20161224
60,0,0,0,0,0,0,0,20160321,20161224
9,0,0,0,0,0,0,0,20160321,20161224
201[1],0,0,0,0,0,0,0,20160321,20161224
21[3],0,0,0,0,0,0,0,20160321,20161224
3[3],0,0,0,0,0,0,0,20160321,20161224
153,0,0,0,0,0,0,0,20160321,20161224
122,0,0,0,0,0,0,0,20160321,20161224
79[1],0,0,0,0,0,0,0,20160321,20161224
705,0,0,0,0,0,0,0,20160321,20161224
302[7],0,0,0,0,0,0,0,20160321,20161224
214,0,0,0,0,0,0,0,20160321,20161224
26[1],0,0,0,0,0,0,0,20160321,20161224
153[3],0,0,0,0,0,0,0,20160321,20161224
706,0,0,0,0,0,0,0,20160321,20161224
46[1],0,0,0,0,0,0,0,20160321,20161224
6[1],0,0,0,0,0,0,0,20160321,20161224
205[2],0,0,0,0,0,0,0,20160321,20161224
1[3],0,0,0,0,0,0,0,20160321,20161224
45[1],0,0,0,0,0,0,0,20160321,20161224
19[1],0,0,0,0,0,0,0,20160321,20161224
322[1],0,0,0,0,0,0,0,20160321,20161224
16[5],0,0,0,0,0,0,0,20160321,20161224
307[2],0,0,0,0,0,0,0,20160321,20161224
315[1],0,0,0,0,0,0,0,20160321,20161224
219[4],0,0,0,0,0,0,0,20160321,20161224
910,0,0,0,0,0,0,0,20160321,20161224
7[4],0,0,0,0,0,0,0,20160321,20161224
703[1],0,0,0,0,0,0,0,20160321,20161224
129[2],0,0,0,0,0,0,0,20160321,20161224
601[1],0,0,0,0,0,0,0,20160321,20161224
19[5],0,0,0,0,0,0,0,20160321,20161224
329,0,0,0,0,0,0,0,20160321,20161224
207[1],0,0,0,0,0,0,0,20160321,20161224
707[1],0,0,0,0,0,0,0,20160321,20161224
504[1],0,0,0,0,0,0,0,20160321,20161224
903,0,0,0,0,0,0,0,20160321,20161224
506,0,0,0,0,0,0,0,20160321,20161224
120[1],0,0,0,0,0,0,0,20160321,20161224
19[4],0,0,0,0,0,0,0,20160321,20161224
303[2],0,0,0,0,0,0,0,20160321,20161224
1003,0,0,0,0,0,0,0,20160321,20161224
148,0,0,0,0,0,0,0,20160321,20161224
11[4],0,0,0,0,0,0,0,20160321,20161224
22[2],0,0,0,0,0,0,0,20160321,20161224
1[1],0,0,0,0,0,0,0,20160321,20161224
335,0,0,0,0,0,0,0,20160321,20161224
341,0,0,0,0,0,0,0,20160321,20161224
203[2],0,0,0,0,0,0,0,20160321,20161224
140,0,0,0,0,0,0,0,20160321,20161224
306[4],0,0,0,0,0,0,0,20160321,20161224
320,0,0,0,0,0,0,0,20160321,20161224
208,0,0,0,0,0,0,0,20160321,20161224
105[1],0,0,0,0,0,0,0,20160321,20161224
212[1],0,0,0,0,0,0,0,20160321,20161224
514,0,0,0,0,0,0,0,20160321,20161224
14[6],0,0,0,0,0,0,0,20160321,20161224
8[3],0,0,0,0,0,0,0,20160321,20161224
511,0,0,0,0,0,0,0,20160321,20161224
311,0,0,0,0,0,0,0,20160321,20161224
21[1],0,0,0,0,0,0,0,20160321,20161224
25[3],0,0,0,0,0,0,0,20160321,20161224
TuFSu,0,0,0,0,0,0,0,20160321,20161224
12[4],0,0,0,0,0,0,0,20160321,20161224
Su+Hol,0,0,0,0,0,0,0,20160321,20161224
107[1],0,0,0,0,0,0,0,20160321,20161224
179,0,0,0,0,0,0,0,20160321,20161224
11[3],0,0,0,0,0,0,0,20160321,20161224
197[1],0,0,0,0,0,0,0,20160321,20161224
172,0,0,0,0,0,0,0,20160321,20161224
306[3],0,0,0,0,0,0,0,20160321,20161224
314,0,0,0,0,0,0,0,20160321,20161224
134,0,0,0,0,0,0,0,20160321,20161224
340,0,0,0,0,0,0,0,20160321,20161224
125,0,0,0,0,0,0,0,20160321,20161224
709[1],0,0,0,0,0,0,0,20160321,20161224
309[3],0,0,0,0,0,0,0,20160321,20161224
209[3],0,0,0,0,0,0,0,20160321,20161224
205[1],0,0,0,0,0,0,0,20160321,20161224
12,0,0,0,0,0,0,0,20160321,20161224
504,0,0,0,0,0,0,0,20160321,20161224
214[4],0,0,0,0,0,0,0,20160321,20161224
99,0,0,0,0,0,0,0,20160321,20161224
38[1],0,0,0,0,0,0,0,20160321,20161224
190,0,0,0,0,0,0,0,20160321,20161224
4[3],0,0,0,0,0,0,0,20160321,20161224
703[2],0,0,0,0,0,0,0,20160321,20161224
129,0,0,0,0,0,0,0,20160321,20161224
307[1],0,0,0,0,0,0,0,20160321,20161224
47,0,0,0,0,0,0,0,20160321,20161224
24[1],0,0,0,0,0,0,0,20160321,20161224
118[1],0,0,0,0,0,0,0,20160321,20161224
33[2],0,0,0,0,0,0,0,20160321,20161224
155,0,0,0,0,0,0,0,20160321,20161224
702[2],0,0,0,0,0,0,0,20160321,20161224
4[7],0,0,0,0,0,0,0,20160321,20161224
316[1],0,0,0,0,0,0,0,20160321,20161224
14,0,0,0,0,0,0,0,20160321,20161224
501[1],0,0,0,0,0,0,0,20160321,20161224
68,0,0,0,0,0,0,0,20160321,20161224
92,0,0,0,0,0,0,0,20160321,20161224
41,0,0,0,0,0,0,0,20160321,20161224
405,0,0,0,0,0,0,0,20160321,20161224
43,0,0,0,0,0,0,0,20160321,20161224
900,0,0,0,0,0,0,0,20160321,20161224
301[1],0,0,0,0,0,0,0,20160321,20161224
137,0,0,0,0,0,0,0,20160321,20161224
29[3],0,0,0,0,0,0,0,20160321,20161224
103,0,0,0,0,0,0,0,20160321,20161224
69,0,0,0,0,0,0,0,20160321,20161224
403[2],0,0,0,0,0,0,0,20160321,20161224
35[3],0,0,0,0,0,0,0,20160321,20161224
2[7],0,0,0,0,0,0,0,20160321,20161224
306[2],0,0,0,0,0,0,0,20160321,20161224
13[1],0,0,0,0,0,0,0,20160321,20161224
308[3],0,0,0,0,0,0,0,20160321,20161224
219,0,0,0,0,0,0,0,20160321,20161224
136,0,0,0,0,0,0,0,20160321,20161224
605,0,0,0,0,0,0,0,20160321,20161224
173,0,0,0,0,0,0,0,20160321,20161224
19,0,0,0,0,0,0,0,20160321,20161224
9[2],0,0,0,0,0,0,0,20160321,20161224
402[1],0,0,0,0,0,0,0,20160321,20161224
605[2],0,0,0,0,0,0,0,20160321,20161224
30[3],0,0,0,0,0,0,0,20160321,20161224
310[3],0,0,0,0,0,0,0,20160321,20161224
151,0,0,0,0,0,0,0,20160321,20161224
8,0,0,0,0,0,0,0,20160321,20161224
215,0,0,0,0,0,0,0,20160321,20161224
303[9],0,0,0,0,0,0,0,20160321,20161224
126,0,0,0,0,0,0,0,20160321,20161224
608,0,0,0,0,0,0,0,20160321,20161224
61[1],0,0,0,0,0,0,0,20160321,20161224
7[3],0,0,0,0,0,0,0,20160321,20161224
122[1],0,0,0,0,0,0,0,20160321,20161224
11,0,0,0,0,0,0,0,20160321,20161224
6[6],0,0,0,0,0,0,0,20160321,20161224
91,0,0,0,0,0,0,0,20160321,20161224
24[6],0,0,0,0,0,0,0,20160321,20161224
712,0,0,0,0,0,0,0,20160321,20161224
108,0,0,0,0,0,0,0,20160321,20161224
Sa,0,0,0,0,0,0,0,20160321,20161224
404[2],0,0,0,0,0,0,0,20160321,20161224
304[7],0,0,0,0,0,0,0,20160321,20161224
33,0,0,0,0,0,0,0,20160321,20161224
35[4],0,0,0,0,0,0,0,20160321,20161224
204[4],0,0,0,0,0,0,0,20160321,20161224
334,0,0,0,0,0,0,0,20160321,20161224
214[1],0,0,0,0,0,0,0,20160321,20161224
96,0,0,0,0,0,0,0,20160321,20161224
166[1],0,0,0,0,0,0,0,20160321,20161224
211,0,0,0,0,0,0,0,20160321,20161224
9[5],0,0,0,0,0,0,0,20160321,20161224
312[2],0,0,0,0,0,0,0,20160321,20161224
513,0,0,0,0,0,0,0,20160321,20161224
164[1],0,0,0,0,0,0,0,20160321,20161224
33[1],0,0,0,0,0,0,0,20160321,20161224
303[6],0,0,0,0,0,0,0,20160321,20161224
9[7],0,0,0,0,0,0,0,20160321,20161224
39[3],0,0,0,0,0,0,0,20160321,20161224
12[5],0,0,0,0,0,0,0,20160321,20161224
606,0,0,0,0,0,0,0,20160321,20161224
409[1],0,0,0,0,0,0,0,20160321,20161224
8[7],0,0,0,0,0,0,0,20160321,20161224
84,0,0,0,0,0,0,0,20160321,20161224
902[1],0,0,0,0,0,0,0,20160321,20161224
158[2],0,0,0,0,0,0,0,20160321,20161224
34[5],0,0,0,0,0,0,0,20160321,20161224
159,0,0,0,0,0,0,0,20160321,20161224
18[1],0,0,0,0,0,0,0,20160321,20161224
216[1],0,0,0,0,0,0,0,20160321,20161224
252,0,0,0,0,0,0,0,20160321,20161224
36[1],0,0,0,0,0,0,0,20160321,20161224
203,0,0,0,0,0,0,0,20160321,20161224
710,0,0,0,0,0,0,0,20160321,20161224
64,0,0,0,0,0,0,0,20160321,20161224
410[1],0,0,0,0,0,0,0,20160321,20161224
52,0,0,0,0,0,0,0,20160321,20161224
250,0,0,0,0,0,0,0,20160321,20161224
206,0,0,0,0,0,0,0,20160321,20161224
21,0,0,0,0,0,0,0,20160321,20161224
114,0,0,0,0,0,0,0,20160321,20161224
213,0,0,0,0,0,0,0,20160321,20161224
194,0,0,0,0,0,0,0,20160321,20161224
61,0,0,0,0,0,0,0,20160321,20161224
217,0,0,0,0,0,0,0,20160321,20161224
335[1],0,0,0,0,0,0,0,20160321,20161224
4[5],0,0,0,0,0,0,0,20160321,20161224
402,0,0,0,0,0,0,0,20160321,20161224
511[1],0,0,0,0,0,0,0,20160321,20161224
609,0,0,0,0,0,0,0,20160321,20161224
215[2],0,0,0,0,0,0,0,20160321,20161224
133,0,0,0,0,0,0,0,20160321,20161224
131[1],0,0,0,0,0,0,0,20160321,20161224
100,0,0,0,0,0,0,0,20160321,20161224
304[8],0,0,0,0,0,0,0,20160321,20161224
2[3],0,0,0,0,0,0,0,20160321,20161224
325[2],0,0,0,0,0,0,0,20160321,20161224
53,0,0,0,0,0,0,0,20160321,20161224
94[2],0,0,0,0,0,0,0,20160321,20161224
180[1],0,0,0,0,0,0,0,20160321,20161224
96[1],0,0,0,0,0,0,0,20160321,20161224
220,0,0,0,0,0,0,0,20160321,20161224
908,0,0,0,0,0,0,0,20160321,20161224
18[5],0,0,0,0,0,0,0,20160321,20161224
52[1],0,0,0,0,0,0,0,20160321,20161224
43[3],0,0,0,0,0,0,0,20160321,20161224
101[1],0,0,0,0,0,0,0,20160321,20161224
402[2],0,0,0,0,0,0,0,20160321,20161224
37[5],0,0,0,0,0,0,0,20160321,20161224
13[2],0,0,0,0,0,0,0,20160321,20161224
601,0,0,0,0,0,0,0,20160321,20161224
903[1],0,0,0,0,0,0,0,20160321,20161224
505[1],0,0,0,0,0,0,0,20160321,20161224
309,0,0,0,0,0,0,0,20160321,20161224
Sa-XSun,0,0,0,0,0,0,0,20160321,20161224
202[3],0,0,0,0,0,0,0,20160321,20161224
150,0,0,0,0,0,0,0,20160321,20161224
42,0,0,0,0,0,0,0,20160321,20161224
10[5],0,0,0,0,0,0,0,20160321,20161224
5[5],0,0,0,0,0,0,0,20160321,20161224
26[6],0,0,0,0,0,0,0,20160321,20161224
206[2],0,0,0,0,0,0,0,20160321,20161224
20[1],0,0,0,0,0,0,0,20160321,20161224
20[5],0,0,0,0,0,0,0,20160321,20161224
308,0,0,0,0,0,0,0,20160321,20161224
32[1],0,0,0,0,0,0,0,20160321,20161224
906[2],0,0,0,0,0,0,0,20160321,20161224
77[3],0,0,0,0,0,0,0,20160321,20161224
144,0,0,0,0,0,0,0,20160321,20161224
TuTh-XHol,0,0,0,0,0,0,0,20160321,20161224
8[4],0,0,0,0,0,0,0,20160321,20161224
2[1],0,0,0,0,0,0,0,20160321,20161224
204[3],0,0,0,0,0,0,0,20160321,20161224
14[7],0,0,0,0,0,0,0,20160321,20161224
9[9],0,0,0,0,0,0,0,20160321,20161224
507,0,0,0,0,0,0,0,20160321,20161224
709,0,0,0,0,0,0,0,20160321,20161224
26[4],0,0,0,0,0,0,0,20160321,20161224
5[3],0,0,0,0,0,0,0,20160321,20161224
502[2],0,0,0,0,0,0,0,20160321,20161224
48[3],0,0,0,0,0,0,0,20160321,20161224
210[2],0,0,0,0,0,0,0,20160321,20161224
325,0,0,0,0,0,0,0,20160321,20161224
141,0,0,0,0,0,0,0,20160321,20161224
70,0,0,0,0,0,0,0,20160321,20161224
218,0,0,0,0,0,0,0,20160321,20161224
21[2],0,0,0,0,0,0,0,20160321,20161224
75[1],0,0,0,0,0,0,0,20160321,20161224
404[3],0,0,0,0,0,0,0,20160321,20161224
217[1],0,0,0,0,0,0,0,20160321,20161224
324,0,0,0,0,0,0,0,20160321,20161224
156[1],0,0,0,0,0,0,0,20160321,20161224
14[3],0,0,0,0,0,0,0,20160321,20161224
5,0,0,0,0,0,0,0,20160321,20161224
49[1],0,0,0,0,0,0,0,20160321,20161224
SaSu,0,0,0,0,0,0,0,20160321,20161224
304[3],0,0,0,0,0,0,0,20160321,20161224
26[5],0,0,0,0,0,0,0,20160321,20161224
11[5],0,0,0,0,0,0,0,20160321,20161224
20[4],0,0,0,0,0,0,0,20160321,20161224
149,0,0,0,0,0,0,0,20160321,20161224
301[2],0,0,0,0,0,0,0,20160321,20161224
301[8],0,0,0,0,0,0,0,20160321,20161224
198[3],0,0,0,0,0,0,0,20160321,20161224
16[2],0,0,0,0,0,0,0,20160321,20161224
142[1],0,0,0,0,0,0,0,20160321,20161224
704[1],0,0,0,0,0,0,0,20160321,20161224
100[1],0,0,0,0,0,0,0,20160321,20161224
29[2],0,0,0,0,0,0,0,20160321,20161224
178,0,0,0,0,0,0,0,20160321,20161224
305[1],0,0,0,0,0,0,0,20160321,20161224
905[1],0,0,0,0,0,0,0,20160321,20161224
183,0,0,0,0,0,0,0,20160321,20161224
23[5],0,0,0,0,0,0,0,20160321,20161224
55,0,0,0,0,0,0,0,20160321,20161224
327[1],0,0,0,0,0,0,0,20160321,20161224
124,0,0,0,0,0,0,0,20160321,20161224
308[4],0,0,0,0,0,0,0,20160321,20161224
29[4],0,0,0,0,0,0,0,20160321,20161224
313[4],0,0,0,0,0,0,0,20160321,20161224
332[1],0,0,0,0,0,0,0,20160321,20161224
303[1],0,0,0,0,0,0,0,20160321,20161224
76,0,0,0,0,0,0,0,20160321,20161224
77,0,0,0,0,0,0,0,20160321,20161224
14[4],0,0,0,0,0,0,0,20160321,20161224
54[2],0,0,0,0,0,0,0,20160321,20161224
188,0,0,0,0,0,0,0,20160321,20161224
516,0,0,0,0,0,0,0,20160321,20161224
219[7],0,0,0,0,0,0,0,20160321,20161224
208[6],0,0,0,0,0,0,0,20160321,20161224
174[1],0,0,0,0,0,0,0,20160321,20161224
41[1],0,0,0,0,0,0,0,20160321,20161224
35[2],0,0,0,0,0,0,0,20160321,20161224
36,0,0,0,0,0,0,0,20160321,20161224
327,0,0,0,0,0,0,0,20160321,20161224
22[1],0,0,0,0,0,0,0,20160321,20161224
31,0,0,0,0,0,0,0,20160321,20161224
601[3],0,0,0,0,0,0,0,20160321,20161224
195,0,0,0,0,0,0,0,20160321,20161224
216[3],0,0,0,0,0,0,0,20160321,20161224
MTuWThF-XHol,0,0,0,0,0,0,0,20160321,20161224
169,0,0,0,0,0,0,0,20160321,20161224
219[6],0,0,0,0,0,0,0,20160321,20161224
195[2],0,0,0,0,0,0,0,20160321,20161224
173[3],0,0,0,0,0,0,0,20160321,20161224
312[1],0,0,0,0,0,0,0,20160321,20161224
8[5],0,0,0,0,0,0,0,20160321,20161224
901[3],0,0,0,0,0,0,0,20160321,20161224
202[2],0,0,0,0,0,0,0,20160321,20161224
5[1],0,0,0,0,0,0,0,20160321,20161224
12[6],0,0,0,0,0,0,0,20160321,20161224
311[2],0,0,0,0,0,0,0,20160321,20161224
715,0,0,0,0,0,0,0,20160321,20161224
902[2],0,0,0,0,0,0,0,20160321,20161224
217[3],0,0,0,0,0,0,0,20160321,20161224
123,0,0,0,0,0,0,0,20160321,20161224
169[1],0,0,0,0,0,0,0,20160321,20161224
203[4],0,0,0,0,0,0,0,20160321,20161224
17[2],0,0,0,0,0,0,0,20160321,20161224
167[1],0,0,0,0,0,0,0,20160321,20161224
129[1],0,0,0,0,0,0,0,20160321,20161224
43[1],0,0,0,0,0,0,0,20160321,20161224
503,0,0,0,0,0,0,0,20160321,20161224
340[1],0,0,0,0,0,0,0,20160321,20161224
314[2],0,0,0,0,0,0,0,20160321,20161224
900[3],0,0,0,0,0,0,0,20160321,20161224
98,0,0,0,0,0,0,0,20160321,20161224
91[1],0,0,0,0,0,0,0,20160321,20161224
333[1],0,0,0,0,0,0,0,20160321,20161224
304[6],0,0,0,0,0,0,0,20160321,20161224
1002,0,0,0,0,0,0,0,20160321,20161224
406,0,0,0,0,0,0,0,20160321,20161224
3[4],0,0,0,0,0,0,0,20160321,20161224
173[2],0,0,0,0,0,0,0,20160321,20161224
191[1],0,0,0,0,0,0,0,20160321,20161224
317,0,0,0,0,0,0,0,20160321,20161224
97,0,0,0,0,0,0,0,20160321,20161224
910[1],0,0,0,0,0,0,0,20160321,20161224
108[1],0,0,0,0,0,0,0,20160321,20161224
211[1],0,0,0,0,0,0,0,20160321,20161224
203[3],0,0,0,0,0,0,0,20160321,20161224
36[3],0,0,0,0,0,0,0,20160321,20161224
207[6],0,0,0,0,0,0,0,20160321,20161224
31[3],0,0,0,0,0,0,0,20160321,20161224
304[2],0,0,0,0,0,0,0,20160321,20161224
27,0,0,0,0,0,0,0,20160321,20161224
515,0,0,0,0,0,0,0,20160321,20161224
80,0,0,0,0,0,0,0,20160321,20161224
201,0,0,0,0,0,0,0,20160321,20161224
10[1],0,0,0,0,0,0,0,20160321,20161224
901[1],0,0,0,0,0,0,0,20160321,20161224
158,0,0,0,0,0,0,0,20160321,20161224
146,0,0,0,0,0,0,0,20160321,20161224
913,0,0,0,0,0,0,0,20160321,20161224
126[1],0,0,0,0,0,0,0,20160321,20161224
13,0,0,0,0,0,0,0,20160321,20161224
303[5],0,0,0,0,0,0,0,20160321,20161224
157,0,0,0,0,0,0,0,20160321,20161224
143,0,0,0,0,0,0,0,20160321,20161224
185,0,0,0,0,0,0,0,20160321,20161224
214[3],0,0,0,0,0,0,0,20160321,20161224
13[3],0,0,0,0,0,0,0,20160321,20161224
309[4],0,0,0,0,0,0,0,20160321,20161224
112,0,0,0,0,0,0,0,20160321,20161224
508,0,0,0,0,0,0,0,20160321,20161224
711,0,0,0,0,0,0,0,20160321,20161224
63,0,0,0,0,0,0,0,20160321,20161224
7,0,0,0,0,0,0,0,20160321,20161224
9[8],0,0,0,0,0,0,0,20160321,20161224
149[1],0,0,0,0,0,0,0,20160321,20161224
23[2],0,0,0,0,0,0,0,20160321,20161224
302[8],0,0,0,0,0,0,0,20160321,20161224
317[1],0,0,0,0,0,0,0,20160321,20161224
28[5],0,0,0,0,0,0,0,20160321,20161224
904[1],0,0,0,0,0,0,0,20160321,20161224
23[1],0,0,0,0,0,0,0,20160321,20161224
5[4],0,0,0,0,0,0,0,20160321,20161224
35,0,0,0,0,0,0,0,20160321,20161224
24[7],0,0,0,0,0,0,0,20160321,20161224
906[3],0,0,0,0,0,0,0,20160321,20161224
251,0,0,0,0,0,0,0,20160321,20161224
204[2],0,0,0,0,0,0,0,20160321,20161224
400,0,0,0,0,0,0,0,20160321,20161224
7[2],0,0,0,0,0,0,0,20160321,20161224
7[5],0,0,0,0,0,0,0,20160321,20161224
1001,0,0,0,0,0,0,0,20160321,20161224
328,0,0,0,0,0,0,0,20160321,20161224
16,0,0,0,0,0,0,0,20160321,20161224
191,0,0,0,0,0,0,0,20160321,20161224
11[2],0,0,0,0,0,0,0,20160321,20161224
28[3],0,0,0,0,0,0,0,20160321,20161224
14[9],0,0,0,0,0,0,0,20160321,20161224
189,0,0,0,0,0,0,0,20160321,20161224
801,0,0,0,0,0,0,0,20160321,20161224
1,0,0,0,0,0,0,0,20160321,20161224
301[10],0,0,0,0,0,0,0,20160321,20161224
216[5],0,0,0,0,0,0,0,20160321,20161224
313,0,0,0,0,0,0,0,20160321,20161224
106,0,0,0,0,0,0,0,20160321,20161224
153[1],0,0,0,0,0,0,0,20160321,20161224
402[4],0,0,0,0,0,0,0,20160321,20161224
303[7],0,0,0,0,0,0,0,20160321,20161224
9[1],0,0,0,0,0,0,0,20160321,20161224
105,0,0,0,0,0,0,0,20160321,20161224
3,0,0,0,0,0,0,0,20160321,20161224
20,0,0,0,0,0,0,0,20160321,20161224
306,0,0,0,0,0,0,0,20160321,20161224
412,0,0,0,0,0,0,0,20160321,20161224
314[1],0,0,0,0,0,0,0,20160321,20161224
112[1],0,0,0,0,0,0,0,20160321,20161224
163[1],0,0,0,0,0,0,0,20160321,20161224
101,0,0,0,0,0,0,0,20160321,20161224
35[1],0,0,0,0,0,0,0,20160321,20161224
404,0,0,0,0,0,0,0,20160321,20161224
315[2],0,0,0,0,0,0,0,20160321,20161224
27[1],0,0,0,0,0,0,0,20160321,20161224
326[1],0,0,0,0,0,0,0,20160321,20161224
138,0,0,0,0,0,0,0,20160321,20161224
36[4],0,0,0,0,0,0,0,20160321,20161224
322,0,0,0,0,0,0,0,20160321,20161224
57,0,0,0,0,0,0,0,20160321,20161224
37[8],0,0,0,0,0,0,0,20160321,20161224
113[1],0,0,0,0,0,0,0,20160321,20161224
130[1],0,0,0,0,0,0,0,20160321,20161224
34,0,0,0,0,0,0,0,20160321,20161224
501[2],0,0,0,0,0,0,0,20160321,20161224
41[5],0,0,0,0,0,0,0,20160321,20161224
120,0,0,0,0,0,0,0,20160321,20161224
301,0,0,0,0,0,0,0,20160321,20161224
403,0,0,0,0,0,0,0,20160321,20161224
402[5],0,0,0,0,0,0,0,20160321,20161224
104,0,0,0,0,0,0,0,20160321,20161224
411[1],0,0,0,0,0,0,0,20160321,20161224
1[5],0,0,0,0,0,0,0,20160321,20161224
10[6],0,0,0,0,0,0,0,20160321,20161224
28[4],0,0,0,0,0,0,0,20160321,20161224
95,0,0,0,0,0,0,0,20160321,20161224
48[2],0,0,0,0,0,0,0,20160321,20161224
96[2],0,0,0,0,0,0,0,20160321,20161224
308[1],0,0,0,0,0,0,0,20160321,20161224
213[3],0,0,0,0,0,0,0,20160321,20161224
50,0,0,0,0,0,0,0,20160321,20161224
54,0,0,0,0,0,0,0,20160321,20161224
315,0,0,0,0,0,0,0,20160321,20161224
42[4],0,0,0,0,0,0,0,20160321,20161224
18[4],0,0,0,0,0,0,0,20160321,20161224
1004,0,0,0,0,0,0,0,20160321,20161224
168,0,0,0,0,0,0,0,20160321,20161224
4,0,0,0,0,0,0,0,20160321,20161224
42[2],0,0,0,0,0,0,0,20160321,20161224
310[5],0,0,0,0,0,0,0,20160321,20161224
7[7],0,0,0,0,0,0,0,20160321,20161224
86,0,0,0,0,0,0,0,20160321,20161224
16[4],0,0,0,0,0,0,0,20160321,20161224
204[6],0,0,0,0,0,0,0,20160321,20161224
713,0,0,0,0,0,0,0,20160321,20161224
178[1],0,0,0,0,0,0,0,20160321,20161224
408,0,0,0,0,0,0,0,20160321,20161224
302[3],0,0,0,0,0,0,0,20160321,20161224
60[1],0,0,0,0,0,0,0,20160321,20161224
210[1],0,0,0,0,0,0,0,20160321,20161224
121[3],0,0,0,0,0,0,0,20160321,20161224
313[3],0,0,0,0,0,0,0,20160321,20161224
156,0,0,0,0,0,0,0,20160321,20161224
56[1],0,0,0,0,0,0,0,20160321,20161224
95[1],0,0,0,0,0,0,0,20160321,20161224
201[4],0,0,0,0,0,0,0,20160321,20161224
28,0,0,0,0,0,0,0,20160321,20161224
78,0,0,0,0,0,0,0,20160321,20161224
326[2],0,0,0,0,0,0,0,20160321,20161224
204[5],0,0,0,0,0,0,0,20160321,20161224
321,0,0,0,0,0,0,0,20160321,20161224
181,0,0,0,0,0,0,0,20160321,20161224
15[5],0,0,0,0,0,0,0,20160321,20161224
37[1],0,0,0,0,0,0,0,20160321,20161224
116,0,0,0,0,0,0,0,20160321,20161224
110,0,0,0,0,0,0,0,20160321,20161224
24[2],0,0,0,0,0,0,0,20160321,20161224
48[4],0,0,0,0,0,0,0,20160321,20161224
336,0,0,0,0,0,0,0,20160321,20161224
31[1],0,0,0,0,0,0,0,20160321,20161224
218[2],0,0,0,0,0,0,0,20160321,20161224
210,0,0,0,0,0,0,0,20160321,20161224
154[1],0,0,0,0,0,0,0,20160321,20161224
146[1],0,0,0,0,0,0,0,20160321,20161224
12[1],0,0,0,0,0,0,0,20160321,20161224
3[6],0,0,0,0,0,0,0,20160321,20161224
